{
  "schema_version": 1,
  "freeze_ts": "2026-05-17T14:45:32.753416+00:00",
  "audit_ref": "directives/Pre-Reg I1v2 Multi-Feature HMM Regime Gate 2026-05-17.md Section 4 -- C6_smoothed DEPLOY (Sharpe +0.52, CI_lo +0.049, noise=best)",
  "is_window": {
    "start": "2017-06-01",
    "end": "2025-05-14",
    "n_bars": 2475
  },
  "hmm_config": {
    "n_states": 2,
    "state_id": "mean_return",
    "min_state_bars": 60,
    "smoothing_days": 5,
    "random_seed": 42,
    "n_iter": 200,
    "require_broad_trend": false
  },
  "hmm_model": {
    "n_components": 2,
    "means": [
      [
        1.2194083240272857,
        -0.9178387829267893,
        -0.14906657318887845,
        1.4818395760083638,
        0.0,
        1.2436004163767027,
        -0.02795086367137642
      ],
      [
        -0.301434180921155,
        -0.05065598700049418,
        0.9184349058139145,
        -0.24105973298471636,
        1.0,
        -0.02358009840076874,
        0.005535695712569013
      ]
    ],
    "covars": [
      [
        [
          2.522651574539373,
          0.8486185340583235,
          -1.7634288918874141,
          1.9188262461308874,
          2.066115702479339e-05,
          -0.07725046648346959,
          -0.08637798105499911
        ],
        [
          0.8486185340583235,
          2.4923818424201807,
          -2.220495784004198,
          0.5127472416668203,
          2.066115702479339e-05,
          -0.13890279564892372,
          -0.007500831772574693
        ],
        [
          -1.7634288918874141,
          -2.220495784004198,
          3.5382847499367522,
          -1.5150880843902264,
          2.066115702479339e-05,
          -0.06083241686688867,
          0.0634071735437945
        ],
        [
          1.9188262461308874,
          0.5127472416668203,
          -1.5150880843902264,
          2.5116469406751776,
          2.066115702479339e-05,
          -0.3332004295549479,
          -0.07484187328225451
        ],
        [
          2.066115702479339e-05,
          2.066115702479339e-05,
          2.066115702479339e-05,
          2.066115702479339e-05,
          2.066115702479339e-05,
          2.066115702479339e-05,
          2.066115702479339e-05
        ],
        [
          -0.07725046648346959,
          -0.13890279564892372,
          -0.06083241686688867,
          -0.3332004295549479,
          2.066115702479339e-05,
          1.6636888649947008,
          -0.015447239985362954
        ],
        [
          -0.08637798105499911,
          -0.007500831772574693,
          0.06340717354379449,
          -0.07484187328225451,
          2.066115702479339e-05,
          -0.015447239985362954,
          0.0072386876264723485
        ]
      ],
      [
        [
          1.2134105928787486,
          0.2335033699466328,
          -0.12837097356516497,
          0.9109255395862319,
          5.022601708084283e-06,
          0.06579034374695407,
          -0.01540030317357303
        ],
        [
          0.2335033699466328,
          1.632806836579977,
          -0.8955741565472523,
          0.15578174980267107,
          5.022601707313428e-06,
          -0.02680016784565306,
          0.001369518695171454
        ],
        [
          -0.12837097356516497,
          -0.8955741565472523,
          1.0568569015351992,
          0.010122469551543372,
          5.022601708141384e-06,
          -0.02831323900126281,
          -0.0005334201279874572
        ],
        [
          0.9109255395862319,
          0.15578174980267107,
          0.010122469551543372,
          1.385028015137949,
          5.022601706913726e-06,
          0.05311811049190413,
          -0.012407947815670534
        ],
        [
          5.022601708084283e-06,
          5.022601707313428e-06,
          5.022601708141384e-06,
          5.022601706913726e-06,
          5.022601707684581e-06,
          5.0226017077166995e-06,
          5.022601707697964e-06
        ],
        [
          0.06579034374695407,
          -0.02680016784565306,
          -0.02831323900126281,
          0.05311811049190413,
          5.0226017077166995e-06,
          1.7659404458155947,
          -0.004350240475516417
        ],
        [
          -0.01540030317357303,
          0.001369518695171454,
          -0.0005334201279874572,
          -0.012407947815670534,
          5.022601707697964e-06,
          -0.004350240475516417,
          0.0009244911536760445
        ]
      ]
    ],
    "transmat": [
      [
        0.9504132231405814,
        0.04958677685941863
      ],
      [
        0.012060301507545855,
        0.9879396984924541
      ]
    ],
    "startprob": [
      0.0,
      1.0
    ]
  },
  "feature_names": [
    "vix_z",
    "term_spread_z",
    "credit_spread_z",
    "rv20_z",
    "spy_above_sma200",
    "dxy_z",
    "dd_velocity_21"
  ],
  "asset_order": [
    "ES",
    "NQ",
    "CL",
    "BZ",
    "HG",
    "SI",
    "GC",
    "ZN",
    "ZB",
    "6E",
    "6J"
  ],
  "trend_friendly_per_asset": {
    "ES": [
      0,
      1
    ],
    "NQ": [
      0,
      1
    ],
    "CL": [
      1
    ],
    "BZ": [
      1
    ],
    "HG": [
      1
    ],
    "SI": [
      0,
      1
    ],
    "GC": [
      0,
      1
    ],
    "ZN": [
      0
    ],
    "ZB": [],
    "6E": [
      0
    ],
    "6J": []
  },
  "gate_fractions_is": {
    "ES": 1.0,
    "NQ": 1.0,
    "CL": 0.8024242424242424,
    "BZ": 0.8024242424242424,
    "HG": 0.8024242424242424,
    "SI": 1.0,
    "GC": 1.0,
    "ZN": 0.19757575757575757,
    "ZB": 0.0,
    "6E": 0.19757575757575757,
    "6J": 0.0
  }
}